240 4761 147 82
165 158
28 2
108 79
238 38
159 52
154 81
221 4
147 211
136 85
26 87
26 195
94 63
203 25
63 38
70 160
50 133
203 211
154 234
194 187
143 110
184 87
197 95
237 192
171 82
50 104
35 2
20 182
139 141
216 173
63 123
108 36
140 194
167 36
37 64
4 38
87 183
188 60
171 97
133 90
26 90
173 50
121 63
156 13
232 227
153 214
79 219
6 213
161 96
45 224
176 90
90 199
36 55
202 105
38 234
98 135
226 61
188 52
130 69
3 95
3 101
214 102
85 3
42 233
11 74
122 169
204 107
68 220
191 103
147 2
79 29
73 197
53 188
104 178
208 183
121 28
122 57
91 81
113 136
210 79
149 41
97 91
121 34
123 238
36 97
102 97
124 111
122 234
153 49
52 50
157 106
208 225
168 224
206 219
156 123
26 51
12 123
192 214
144 182
93 124
81 164
144 111
124 86
128 119
188 50
47 6
84 233
183 112
76 175
23 115
46 31
112 213
5 79
189 82
159 164
99 233
82 193
200 192
19 112
231 16
228 221
139 30
39 77
48 8
186 59
63 175
194 46
10 26
175 240
57 16
147 200
165 27
31 95
36 231
229 196
148 16
177 161
142 179
222 148
44 91
137 180
180 124
120 150
54 229
175 229
112 137
235 55
220 154
167 181
129 181
28 8
100 52
43 90
214 123
150 79
65 199
76 35
47 124
41 165
174 56
20 144
44 24
50 42
4 151
138 42
83 11
30 52
138 13
100 228
15 103
75 219
233 39
89 230
171 167
191 86
6 177
124 189
36 176
102 60
188 231
137 72
24 134
238 115
214 212
124 174
222 93
186 158
84 10
187 53
40 212
198 48
200 182
52 198
16 165
215 68
225 49
184 16
55 166
225 106
33 225
174 203
236 137
61 168
201 234
121 79
48 213
218 96
227 225
239 121
84 86
153 225
119 136
217 77
45 225
225 187
23 239
107 159
232 29
122 201
225 34
237 149
37 50
238 95
75 162
10 225
115 20
123 124
183 30
161 234
147 51
207 129
86 214
168 31
77 188
118 56
92 72
173 154
171 51
161 43
216 201
36 143
150 72
217 32
178 206
14 4
226 63
105 223
167 108
114 139
187 93
143 80
148 42
81 129
217 3
26 100
92 10
52 116
113 141
200 140
68 152
86 152
94 124
240 45
48 116
157 175
188 11
218 24
117 199
5 152
123 1
136 213
65 166
32 152
224 3
14 240
173 152
234 44
68 10
176 115
112 153
230 198
186 180
186 141
215 61
54 137
156 157
171 186
77 11
7 186
122 168
201 182
202 31
111 232
55 206
118 83
37 164
186 13
128 105
93 174
205 190
199 91
18 54
118 48
162 191
76 190
203 50
190 86
169 22
26 190
113 125
227 39
34 234
203 168
7 77
236 20
16 175
104 150
178 35
238 107
8 45
35 57
76 171
51 40
150 234
184 222
153 178
102 66
81 136
201 80
123 56
50 99
157 19
28 45
154 47
95 46
224 157
171 27
161 207
162 217
98 184
79 144
173 4
166 161
147 150
112 52
157 203
37 173
189 168
1 39
10 157
109 52
110 165
185 237
167 184
81 189
185 62
185 100
11 185
115 157
86 67
216 81
155 165
185 109
185 121
40 82
195 5
196 155
153 70
185 156
187 113
189 231
162 99
159 110
186 240
120 119
158 199
61 15
54 76
126 158
178 30
231 168
113 117
117 221
199 71
207 117
213 125
48 31
111 222
145 78
74 234
239 143
12 62
156 169
218 118
185 73
93 114
6 215
212 195
222 140
204 106
109 96
166 50
41 72
10 143
29 172
120 170
112 144
217 170
135 184
179 115
113 96
231 73
192 125
128 175
58 192
13 50
2 95
101 2
66 171
141 215
204 150
72 140
111 34
42 115
183 63
217 208
240 221
220 175
2 24
51 178
13 16
216 239
7 105
25 139
121 30
102 42
238 2
33 19
4 74
118 49
42 107
228 38
99 159
51 182
118 33
192 80
58 37
175 165
225 178
102 230
56 193
107 199
118 222
176 38
94 139
13 219
124 118
80 113
237 19
221 107
156 63
118 220
178 162
163 73
32 208
10 204
17 89
86 228
56 173
12 83
206 182
18 119
213 40
158 36
79 194
161 175
64 146
62 150
233 17
154 124
112 38
100 44
25 45
127 59
52 146
94 141
146 168
215 83
184 50
84 148
139 50
10 183
198 155
102 39
101 114
71 114
80 38
114 127
117 66
206 74
181 19
116 233
105 72
187 144
114 235
154 114
29 121
187 238
99 214
239 12
2 177
81 201
220 50
210 56
232 210
111 79
164 116
239 38
217 172
33 237
237 142
75 117
67 154
193 192
27 170
166 200
33 85
237 84
2 91
95 240
178 18
237 57
189 237
82 129
237 32
237 215
52 101
135 61
154 164
141 34
183 129
136 124
188 133
201 196
153 99
58 93
121 107
197 75
199 49
19 148
186 120
159 69
67 235
12 148
140 76
56 175
110 184
144 67
58 199
135 232
51 200
52 201
49 218
28 87
24 92
5 59
61 123
165 162
168 234
159 129
153 210
192 175
111 85
154 197
80 112
220 204
230 153
108 63
20 93
226 49
217 163
127 213
169 193
45 40
158 232
136 101
49 204
11 204
19 240
154 217
68 221
154 90
8 92
30 191
46 200
194 75
173 116
152 37
23 234
44 157
57 28
97 176
193 126
93 167
124 176
183 118
108 184
59 230
99 172
162 124
110 21
24 195
123 52
101 128
7 24
24 235
77 24
50 192
144 50
5 170
204 117
78 238
155 168
210 155
136 100
81 128
34 188
2 100
75 188
143 79
130 128
115 221
121 134
111 236
152 142
36 38
52 185
205 23
205 104
60 186
234 224
205 85
22 210
62 21
187 48
155 95
150 87
185 170
176 224
78 225
165 81
205 45
205 194
210 1
109 64
124 149
25 121
205 108
184 39
222 176
28 227
14 16
143 51
43 14
215 79
131 49
218 29
13 209
1 54
106 53
94 164
32 47
171 57
106 143
192 189
65 176
9 236
97 28
183 83
225 203
134 171
49 67
219 214
196 87
220 163
42 234
204 84
76 104
235 238
35 101
224 159
201 125
145 58
31 176
210 112
172 1
162 227
103 193
159 46
38 94
97 209
113 145
126 204
103 166
113 64
61 217
147 210
42 60
189 60
112 106
89 196
151 75
60 220
88 69
220 236
147 7
18 203
161 69
18 60
43 202
120 214
182 167
174 228
40 58
202 33
73 147
62 22
22 230
217 31
147 151
27 180
147 202
153 202
131 235
180 107
148 2
158 202
24 221
178 202
51 183
231 187
27 185
181 77
240 26
130 208
144 18
159 111
86 90
217 23
222 191
149 92
58 194
237 46
18 107
93 50
221 6
124 26
68 118
119 216
192 209
140 5
225 181
51 21
160 208
101 62
97 232
120 62
41 157
65 139
39 234
37 120
125 174
62 113
134 14
62 126
50 214
112 36
189 37
54 39
62 228
232 114
90 157
3 211
31 178
62 5
39 12
38 62
222 234
228 52
124 184
13 46
197 25
153 118
148 182
120 164
31 161
171 150
125 176
36 133
150 9
160 231
199 237
187 177
153 110
5 203
139 217
183 169
54 155
209 99
232 231
25 30
161 103
37 17
173 220
86 119
163 41
15 52
231 110
214 156
76 177
5 112
187 33
134 42
10 39
132 141
137 172
106 176
209 201
133 107
240 118
99 140
77 34
219 140
37 19
57 235
57 156
156 132
8 81
37 96
42 132
170 49
4 217
74 120
30 166
7 17
224 174
80 229
223 100
144 168
190 150
124 137
134 100
204 25
81 93
148 97
145 154
234 169
100 80
44 110
111 100
76 141
134 124
81 100
217 12
69 74
18 235
226 83
170 100
216 218
166 7
171 203
100 227
8 49
39 159
64 96
96 171
30 112
166 154
52 22
131 48
81 30
236 15
91 96
40 119
138 57
82 42
105 171
211 120
222 19
214 24
204 198
218 39
90 161
170 202
4 97
227 132
152 6
127 71
64 21
62 34
197 21
193 173
49 216
237 200
151 216
51 1
177 49
121 13
86 104
125 7
37 25
204 154
71 54
16 91
234 35
52 203
5 177
221 90
94 90
211 100
82 132
191 79
92 23
217 239
184 194
230 23
133 4
175 134
104 106
29 234
64 17
25 117
32 154
124 229
52 175
30 120
23 38
95 39
23 188
23 25
31 73
64 46
139 140
8 88
143 136
136 218
215 108
193 34
193 108
109 83
61 36
8 84
206 39
46 162
7 213
61 79
135 97
217 153
30 189
171 160
103 58
196 162
196 36
233 107
40 118
89 74
154 1
29 73
42 222
192 153
165 208
98 27
151 127
226 124
152 83
32 60
38 148
73 88
88 64
27 88
221 196
13 51
153 88
79 229
47 92
139 132
54 13
60 177
172 40
88 222
194 9
88 51
109 80
144 234
138 142
18 145
125 186
77 93
139 118
167 99
13 24
14 60
57 71
234 174
180 220
64 104
125 59
17 104
168 183
54 51
185 69
59 77
194 126
107 98
167 123
175 7
222 61
231 4
59 149
104 32
162 189
10 104
194 229
170 91
105 218
103 163
199 218
79 34
206 31
68 218
32 149
4 181
42 118
82 239
170 93
208 50
61 39
18 177
12 180
139 4
17 29
222 190
142 209
219 230
216 120
160 95
61 157
182 13
108 35
27 123
227 155
94 106
94 111
47 39
10 203
106 7
150 236
86 8
235 124
48 222
121 123
126 143
3 81
235 34
198 164
107 158
59 231
141 238
198 103
42 78
97 173
191 43
43 167
216 188
219 99
36 6
112 42
11 199
51 168
43 17
181 174
221 93
43 165
43 232
26 226
74 130
156 140
236 86
145 171
95 71
182 170
130 73
23 20
140 95
214 171
95 22
192 108
154 86
95 76
219 198
188 159
95 26
116 102
59 46
221 195
78 199
131 5
177 7
4 12
10 95
95 18
76 70
60 205
77 129
66 27
18 230
121 158
165 137
125 238
160 223
29 92
87 153
228 125
28 195
79 43
154 195
137 109
180 25
115 103
49 237
82 63
238 153
65 211
160 83
31 4
41 181
39 56
41 22
147 79
87 162
41 28
218 107
77 57
31 41
37 26
117 89
139 27
41 30
41 203
215 41
119 115
199 87
5 133
234 219
26 186
64 173
48 47
182 69
112 37
173 38
25 61
210 178
161 194
55 69
191 25
157 100
123 119
59 56
109 192
214 191
48 121
3 162
180 15
176 5
70 187
45 42
85 239
239 174
123 11
187 89
129 210
90 223
61 45
236 40
39 135
18 53
123 203
42 34
183 136
13 30
138 154
201 239
63 34
46 23
179 212
198 239
137 239
61 239
62 84
188 193
172 212
151 87
196 35
80 160
54 143
34 84
219 227
2 200
203 222
28 53
197 101
180 140
101 147
142 139
97 90
63 214
87 6
66 101
235 115
237 35
139 130
11 47
63 198
101 209
77 150
18 139
102 124
216 215
139 80
201 221
153 84
196 209
90 58
65 143
54 206
198 125
44 143
206 123
107 232
56 65
66 195
80 155
57 64
50 231
86 198
105 53
39 25
38 127
130 164
188 163
120 227
65 79
39 213
65 148
207 15
51 79
198 148
142 143
223 151
154 215
49 47
133 153
55 133
96 70
58 223
56 151
215 126
227 31
167 147
97 138
203 93
150 151
190 182
166 118
81 151
123 223
204 151
240 112
75 176
11 149
65 47
114 47
120 77
181 204
10 128
122 42
235 121
199 147
60 163
231 174
211 97
225 81
158 172
13 210
194 8
21 220
28 1
171 123
19 153
37 218
39 155
164 225
211 214
6 108
230 201
74 131
212 14
193 203
216 79
238 36
88 214
201 219
105 81
67 185
154 126
204 168
54 37
47 239
169 182
146 80
89 150
190 197
155 91
154 183
167 62
112 142
223 94
78 229
134 142
44 47
168 102
146 204
16 155
188 5
161 99
161 60
161 187
80 26
240 166
184 235
186 76
16 240
146 90
27 138
150 99
190 125
45 206
74 204
129 14
30 7
126 14
134 81
66 137
145 9
170 158
170 240
5 31
167 120
27 9
9 6
83 9
77 32
5 234
73 198
154 209
159 238
24 41
125 142
196 125
45 132
29 106
165 217
223 37
9 188
196 94
172 184
51 115
73 20
169 187
113 29
155 58
29 20
48 100
29 159
55 20
131 110
172 142
177 220
205 109
193 219
74 126
132 53
63 176
173 145
32 42
187 206
102 209
106 133
33 100
48 105
140 14
53 171
85 135
77 215
222 9
85 76
134 189
85 98
51 59
214 69
23 45
55 51
160 205
132 13
151 237
34 198
157 82
25 85
170 85
9 74
66 34
79 175
219 49
87 239
17 6
54 99
42 25
79 50
136 168
54 152
105 158
130 187
72 88
18 131
157 72
189 208
192 30
85 104
5 28
5 137
154 53
232 101
204 229
172 133
239 206
74 143
223 112
170 79
88 236
191 221
147 170
91 208
96 148
198 192
208 116
215 57
120 207
86 193
26 120
51 217
80 197
22 40
144 229
93 31
146 164
166 120
159 96
206 208
94 41
217 215
231 83
104 196
123 81
130 234
140 91
170 82
218 46
70 83
119 235
192 110
103 69
110 150
79 99
37 111
97 144
232 145
189 174
53 93
56 140
4 104
145 182
139 112
145 144
54 145
145 130
63 159
145 25
166 169
153 166
63 234
150 32
167 73
175 171
27 115
5 105
167 180
203 108
5 7
215 26
198 99
232 171
58 206
145 40
27 228
31 42
103 60
74 88
116 67
177 43
156 11
167 81
61 24
137 116
108 152
167 148
146 167
100 29
39 27
115 196
57 189
72 176
198 74
229 232
143 53
93 65
73 107
38 115
3 233
142 236
237 158
220 105
122 6
134 222
96 92
179 9
101 8
161 45
5 169
3 179
184 97
16 87
150 235
139 218
121 16
178 161
124 159
217 196
154 98
102 34
54 205
77 238
121 132
203 148
206 19
45 64
8 222
35 56
5 42
210 89
69 105
105 137
99 46
49 58
144 209
25 9
192 42
48 113
153 62
144 70
210 4
161 48
75 155
230 43
172 229
143 4
144 42
232 11
30 184
169 138
91 138
97 207
132 102
220 93
138 139
58 211
182 14
240 98
5 116
150 33
190 15
188 118
219 124
129 61
159 183
158 145
71 156
3 216
51 7
75 123
210 106
171 6
39 174
207 119
133 175
106 66
19 137
61 106
106 144
223 14
63 224
164 31
70 122
80 140
198 96
20 194
33 103
178 38
70 208
187 125
138 192
193 153
202 222
219 187
122 82
17 223
175 80
215 39
93 165
119 94
140 127
94 158
102 99
69 222
39 105
11 104
86 127
220 178
15 240
155 175
83 48
151 177
228 67
94 193
32 139
121 201
156 29
161 230
235 70
148 137
208 194
204 35
127 238
209 176
214 203
195 208
222 240
116 159
189 1
64 9
238 42
183 61
171 85
109 127
52 99
192 231
102 144
82 46
154 57
214 95
209 124
145 62
234 107
199 131
150 233
235 146
149 114
179 153
77 169
234 148
98 16
63 171
193 179
165 104
13 126
4 99
112 79
26 234
84 5
65 121
29 202
202 203
46 56
66 75
164 182
97 59
228 16
58 189
81 80
36 156
61 176
13 37
75 171
185 190
165 31
235 240
172 47
142 69
71 33
238 99
21 11
204 79
181 142
142 116
113 142
161 38
109 142
204 214
194 142
94 123
57 213
179 36
183 155
234 167
27 164
20 172
148 4
204 63
188 124
42 170
204 215
92 236
159 169
205 31
215 74
69 25
236 230
212 80
3 44
26 206
13 173
7 159
114 223
161 189
60 104
141 38
236 52
195 85
221 11
220 99
62 51
197 51
169 94
60 59
221 148
94 236
27 56
189 94
180 189
11 213
102 84
57 123
227 11
143 170
1 141
15 3
39 168
77 176
119 58
92 109
130 154
11 111
83 224
28 82
197 90
94 53
36 120
54 11
201 63
83 129
208 25
56 55
140 143
15 170
24 206
128 184
154 61
206 222
38 166
170 123
207 154
183 137
36 210
56 203
111 198
149 128
123 209
232 155
148 118
92 228
212 221
93 228
7 158
10 98
87 155
51 166
153 1
219 47
135 181
114 68
106 207
235 101
69 108
10 57
120 22
45 181
59 14
46 173
194 215
211 181
164 36
181 232
193 8
201 181
41 169
205 18
51 70
121 240
186 56
174 183
128 227
154 140
6 117
25 70
86 232
154 93
181 206
140 64
167 78
171 192
230 182
208 140
82 221
44 156
135 166
22 86
239 229
132 172
14 192
25 157
60 136
141 114
182 24
232 102
27 211
132 52
144 189
183 103
94 154
204 192
49 191
127 198
167 46
57 112
83 85
148 70
240 59
221 181
79 63
227 180
10 64
144 190
154 84
38 198
58 38
63 92
113 232
77 108
147 102
156 100
161 92
84 94
154 4
5 94
218 150
57 111
52 97
111 24
66 232
10 63
92 123
15 113
64 48
36 54
109 220
124 203
178 101
215 82
21 173
15 214
73 204
184 40
78 141
197 230
105 111
153 50
19 103
55 42
163 18
168 124
145 140
45 19
13 104
55 19
212 134
97 134
162 95
89 234
13 200
184 142
31 87
47 218
147 25
158 130
19 18
7 80
135 180
135 58
176 233
230 135
112 212
27 31
202 59
26 57
14 171
86 14
233 66
219 78
227 123
222 45
99 104
12 105
102 135
10 237
122 13
204 39
70 145
1 29
191 173
217 70
159 166
116 90
212 146
125 199
230 178
76 164
211 216
68 136
203 178
65 38
199 31
108 222
112 108
198 16
7 139
57 199
78 205
213 202
146 104
40 199
133 79
75 46
141 75
129 71
181 53
239 147
184 62
87 161
229 14
155 143
122 206
232 112
85 150
75 173
200 12
165 187
123 107
133 2
136 225
75 222
209 75
182 75
84 238
207 168
98 205
173 33
128 102
81 113
75 134
175 107
161 235
16 58
68 103
130 109
199 124
122 176
189 91
40 79
103 82
236 148
44 79
54 31
182 238
114 192
166 130
63 222
80 4
82 203
37 92
178 4
162 140
117 165
48 130
69 192
18 103
219 21
9 28
127 168
126 73
183 215
61 29
16 111
78 85
150 191
65 140
80 217
51 203
73 36
122 73
88 162
73 158
91 73
180 144
35 16
153 89
205 19
106 179
116 188
176 166
234 160
73 13
172 59
145 143
216 27
47 180
101 195
15 239
77 175
73 144
85 9
47 184
47 66
200 30
113 68
235 183
186 21
180 61
127 46
37 159
85 127
7 207
44 15
220 210
219 164
47 112
20 203
235 58
133 235
22 147
181 42
141 169
214 113
123 51
200 129
156 168
99 22
146 19
94 128
80 37
91 165
29 131
124 39
191 232
163 181
2 185
188 79
150 15
52 10
97 54
158 82
130 159
41 206
172 15
107 47
11 159
115 39
15 13
19 143
124 138
35 66
12 116
230 94
144 86
169 124
147 6
174 7
66 192
39 178
88 240
161 42
108 40
41 80
95 146
38 116
120 73
10 30
174 105
115 193
230 67
37 207
61 204
145 212
25 68
119 27
111 129
168 45
189 34
133 57
158 106
60 82
172 79
92 235
161 183
209 18
104 138
158 191
156 235
235 25
76 80
169 99
83 44
74 17
129 16
31 156
84 112
8 225
209 158
118 111
85 53
204 144
4 29
146 174
97 39
2 64
44 10
208 200
49 103
157 28
210 231
135 77
125 49
45 1
121 188
236 223
220 77
195 89
102 202
42 53
216 76
114 146
127 137
78 74
113 189
183 207
188 113
35 113
159 185
121 98
23 158
239 211
5 155
148 146
101 37
66 168
224 38
50 172
94 80
139 1
47 234
156 207
73 18
113 146
76 20
69 93
234 164
97 57
171 124
153 136
158 13
79 214
192 61
167 152
199 95
144 196
146 23
171 226
139 187
45 235
171 169
7 169
82 39
77 149
94 144
117 161
128 29
229 159
116 51
89 94
115 163
24 201
17 10
101 25
93 107
58 71
53 56
160 138
119 172
3 215
8 119
32 30
162 169
135 197
25 175
122 130
27 54
189 201
35 93
69 50
21 151
94 100
178 172
116 144
77 88
29 76
232 17
121 192
187 81
206 46
31 36
108 161
223 193
34 10
104 1
221 180
17 73
175 115
158 231
134 79
230 183
214 161
65 164
4 35
93 229
178 180
92 102
1 137
170 224
45 183
111 157
202 72
167 191
217 141
88 166
10 231
180 238
66 136
169 53
150 181
1 98
227 200
26 138
27 208
52 204
39 69
200 80
200 196
103 223
39 111
29 149
137 200
200 133
82 230
233 27
129 93
111 165
177 123
98 161
141 203
105 98
188 20
62 41
79 1
189 170
184 217
68 98
75 35
235 116
39 38
186 32
31 68
145 45
134 149
233 148
1 62
15 167
77 226
42 44
55 82
6 129
117 106
141 70
87 174
137 113
41 96
224 148
141 37
216 77
38 35
202 142
81 61
4 214
184 206
141 77
2 228
34 146
227 220
118 108
150 166
214 82
54 172
163 50
188 162
64 22
208 169
62 220
80 157
67 220
38 129
96 121
175 150
81 147
30 82
11 214
156 19
79 208
122 174
103 51
99 66
41 196
172 187
150 3
208 1
168 6
71 138
228 36
40 75
141 162
178 105
204 195
31 192
206 173
139 156
148 115
181 122
55 49
8 170
84 110
80 166
232 92
56 89
154 78
94 228
178 209
63 160
145 93
46 223
52 216
167 14
179 219
144 188
222 74
12 197
210 124
155 45
157 71
46 196
156 126
33 16
97 94
128 215
187 122
126 50
29 222
140 107
42 189
25 56
164 141
78 43
177 87
25 198
78 168
27 13
84 74
48 123
143 187
3 43
159 31
204 40
84 63
89 159
55 15
168 1
189 176
62 92
178 216
191 155
32 81
80 22
65 19
30 87
123 15
111 170
108 220
21 61
193 12
184 148
232 180
74 1
206 4
69 12
130 229
143 146
238 63
123 108
17 96
222 172
200 135
94 211
12 161
37 233
117 107
201 17
141 230
77 58
113 197
210 60
60 101
126 218
232 216
220 164
39 109
183 125
151 157
235 39
69 227
8 233
108 213
125 18
203 197
1 125
110 134
79 114
235 53
197 58
156 141
156 234
20 123
172 95
39 131
219 177
76 79
211 13
201 124
88 1
95 57
9 34
54 186
74 177
150 177
144 91
37 139
94 219
188 26
120 59
130 70
9 209
9 165
112 203
124 18
206 231
54 213
40 39
91 227
238 128
230 17
205 87
213 76
170 98
84 120
207 42
190 209
240 87
55 230
238 189
230 80
217 5
240 94
239 26
182 71
158 41
193 26
105 144
230 38
62 180
97 5
58 34
130 50
6 187
192 230
70 68
33 14
75 235
93 143
134 230
223 80
183 18
160 117
35 214
42 220
50 234
221 216
112 231
23 61
221 80
161 63
221 31
194 69
32 224
27 102
221 156
59 31
161 226
221 203
150 43
172 154
230 223
206 204
56 17
89 60
225 68
119 38
230 180
20 54
25 124
200 206
70 119
174 133
147 93
34 17
102 150
147 135
16 18
146 32
154 137
97 128
42 100
109 56
63 126
172 210
121 175
147 45
80 71
144 80
109 154
238 152
185 177
189 175
72 197
198 2
239 162
79 109
11 6
179 135
50 236
13 109
10 135
40 109
2 96
139 232
220 83
50 129
16 132
25 234
35 19
144 75
77 172
147 234
181 230
109 43
194 36
142 52
200 77
16 55
223 10
180 184
93 47
27 144
191 32
74 111
27 220
111 178
13 70
82 98
122 50
20 132
32 51
211 176
111 210
44 145
98 176
139 91
36 235
25 189
234 55
219 9
210 42
197 227
144 130
197 150
132 130
23 169
1 78
158 197
188 45
95 120
60 69
150 228
178 155
227 204
133 88
150 78
124 110
122 215
197 155
73 153
171 34
69 128
238 34
35 144
222 182
235 136
8 210
54 52
48 21
121 181
160 139
178 23
106 23
49 233
234 172
114 57
26 238
70 47
238 136
179 166
222 227
12 147
183 190
86 74
29 86
184 182
70 189
191 115
122 86
215 209
16 235
206 203
93 103
133 196
131 233
43 233
165 63
69 180
86 61
124 107
44 116
40 158
200 63
6 232
206 144
50 124
68 45
189 88
138 136
144 5
176 88
184 102
77 130
167 28
192 6
75 3
11 34
120 112
102 229
121 49
16 215
214 39
232 7
131 24
90 128
16 30
123 5
235 7
116 223
205 112
64 82
199 123
86 147
180 82
12 91
39 188
112 7
7 188
139 5
219 82
133 147
228 147
16 230
112 197
169 97
156 178
229 166
62 172
167 17
143 192
215 167
149 131
138 25
33 67
41 239
230 171
16 232
2 118
132 111
61 155
170 81
53 230
236 6
239 129
45 133
240 97
63 81
150 80
82 227
122 75
37 32
70 227
119 53
212 167
64 40
121 161
51 80
220 115
227 42
198 234
147 126
133 164
131 151
110 187
40 34
81 181
211 4
70 111
158 42
108 51
162 58
72 235
55 193
146 165
86 118
235 193
177 209
116 157
207 13
182 163
176 226
10 175
216 37
73 69
194 157
80 99
80 33
55 189
2 75
174 108
85 141
182 50
92 204
136 109
134 198
58 178
222 59
109 35
198 5
116 26
191 234
194 146
103 26
121 230
16 89
170 131
125 108
155 17
86 197
99 109
232 183
214 147
72 36
124 58
199 187
95 100
183 58
160 144
58 130
143 101
154 170
133 77
91 46
195 211
79 42
18 63
191 62
74 153
122 172
92 157
166 139
126 122
129 70
29 193
103 81
209 129
153 209
194 31
234 220
54 87
139 215
25 5
186 127
145 115
173 121
229 179
134 128
69 228
67 196
177 205
220 16
176 153
201 204
172 170
56 187
56 184
181 116
217 97
35 132
54 78
49 70
187 216
206 213
34 150
14 20
129 166
90 127
178 189
93 204
69 166
21 78
103 101
200 96
24 87
219 57
96 236
80 135
56 14
149 206
23 160
184 106
217 55
63 87
121 87
123 87
131 174
141 43
55 96
177 75
228 10
156 230
192 54
176 87
196 156
67 130
207 29
113 74
191 78
182 34
162 176
50 28
91 200
126 67
239 122
175 21
113 13
207 32
216 156
123 54
93 5
207 59
173 200
214 33
108 50
134 92
93 134
109 187
221 194
13 62
112 233
97 123
210 137
22 32
135 94
165 94
210 39
189 10
108 61
23 195
184 33
201 59
183 195
47 185
50 180
210 161
70 6
88 95
89 45
16 123
167 161
212 186
137 216
168 74
211 115
201 84
203 37
211 81
148 79
1 235
14 155
66 59
178 219
111 192
3 14
51 219
108 9
178 40
25 123
200 158
77 80
204 133
201 94
231 155
226 137
167 130
224 26
237 78
238 139
87 11
149 153
215 14
183 222
91 172
188 120
235 74
12 59
32 225
133 30
208 115
99 133
39 99
214 26
87 219
102 235
231 209
96 67
218 204
112 133
123 39
141 179
71 29
40 203
181 208
30 94
147 110
125 168
31 228
214 93
167 223
159 228
192 180
29 116
24 133
181 234
137 38
74 213
228 168
59 81
109 31
72 100
87 69
137 147
209 131
97 108
139 121
59 50
82 89
228 176
115 43
72 86
237 130
14 23
8 22
89 194
173 103
61 196
172 228
24 240
54 57
175 88
203 16
89 222
146 128
59 53
181 74
108 5
89 130
125 76
202 138
175 50
50 189
57 172
184 157
176 175
11 29
230 239
154 74
178 22
188 174
178 74
129 167
14 157
155 115
119 209
194 13
144 121
74 192
79 25
222 204
220 159
127 82
212 77
221 44
144 216
171 46
191 13
80 171
162 38
211 144
93 10
83 28
61 240
169 210
93 45
127 103
222 146
45 215
113 124
110 69
75 70
184 215
84 97
145 14
81 47
151 66
196 129
67 182
190 139
134 41
26 93
234 112
154 41
119 105
228 82
55 138
108 156
16 51
209 86
168 194
50 228
78 103
211 107
165 207
106 109
162 2
79 206
124 82
29 36
55 126
29 66
78 110
32 226
29 154
122 115
61 112
115 74
202 233
114 63
57 73
144 223
236 103
162 131
31 29
25 105
25 21
228 166
53 99
73 98
162 127
199 230
27 71
26 91
85 23
33 120
26 172
71 220
184 38
92 27
174 151
204 134
19 227
144 64
188 175
52 194
50 178
109 75
100 238
88 6
93 197
73 27
101 218
136 215
59 228
31 155
203 38
222 175
144 88
226 16
233 94
102 115
183 164
203 226
182 226
127 48
141 81
187 150
5 82
37 220
130 24
102 57
23 233
63 65
121 37
173 170
150 209
175 38
110 87
24 137
198 31
224 56
217 177
210 64
206 137
165 39
33 141
202 56
27 64
218 183
155 136
188 72
15 62
194 176
224 31
192 203
171 121
137 224
224 178
153 174
164 77
92 151
62 61
227 136
224 50
50 148
214 233
17 32
104 142
77 139
164 96
69 173
179 237
33 211
76 18
121 26
128 1
200 110
139 2
155 124
42 168
206 77
173 194
165 76
79 218
178 107
166 13
217 126
107 102
40 106
51 231
216 155
79 97
109 97
205 224
239 88
79 94
218 102
212 64
97 231
127 93
40 193
77 36
82 182
174 78
21 148
189 85
82 144
231 78
152 4
213 66
109 198
176 218
101 230
155 82
201 173
149 229
156 16
40 116
12 230
173 222
178 173
173 209
79 69
121 85
173 234
176 154
92 127
85 132
231 173
158 90
2 150
7 225
189 18
158 32
25 173
27 69
203 114
77 54
11 95
211 164
220 81
94 131
193 66
110 197
115 189
209 35
2 175
195 52
9 73
219 194
58 227
42 187
31 150
204 60
34 192
207 35
193 220
170 52
231 159
56 81
81 150
93 150
175 96
45 129
218 205
182 91
153 75
169 121
32 68
40 159
87 112
24 165
93 234
94 153
72 198
184 93
184 165
228 188
60 137
155 42
1 83
42 157
30 137
97 165
35 39
204 69
40 168
32 165
37 133
9 131
112 124
89 40
237 76
183 52
169 59
63 24
154 54
127 148
102 190
108 183
208 178
66 55
115 46
129 125
135 143
48 4
205 185
182 178
83 103
192 190
230 140
207 130
104 234
101 238
189 106
87 224
194 127
236 1
161 198
70 121
94 73
214 220
55 170
91 231
210 133
182 79
171 95
223 122
18 126
121 214
173 94
108 75
124 63
97 203
228 184
1 135
17 219
112 101
18 136
170 156
57 186
206 108
231 144
235 17
95 14
171 59
206 131
36 28
235 122
2 223
28 222
28 111
22 240
123 31
185 81
28 71
36 189
228 20
50 73
132 66
121 155
31 148
170 37
201 148
164 209
71 151
180 136
30 6
189 147
186 51
115 137
222 157
40 202
108 151
180 200
142 235
39 18
79 232
212 176
77 196
37 156
134 50
80 187
196 19
59 179
240 157
217 142
194 97
137 34
123 10
39 80
210 131
220 28
48 35
134 31
138 79
93 176
204 152
183 80
111 213
35 115
123 184
111 196
134 80
161 181
132 148
121 162
58 89
204 124
53 206
172 176
16 196
183 12
25 87
201 235
139 26
99 67
190 147
177 52
104 51
33 47
234 40
59 196
162 116
179 225
34 230
25 48
197 79
207 157
169 176
129 109
78 208
168 187
191 124
214 45
34 61
47 31
108 109
144 37
51 209
73 22
204 189
201 105
50 49
31 84
111 147
229 23
78 4
59 234
134 56
177 113
87 40
230 24
213 16
91 57
199 111
36 139
22 38
184 153
30 115
78 139
89 105
72 195
36 32
215 36
201 119
220 224
212 237
123 228
238 231
29 227
77 127
34 12
81 39
87 3
40 227
26 235
175 203
35 224
106 27
221 166
94 126
89 102
95 226
59 74
29 35
159 123
28 235
69 35
139 170
129 28
17 187
63 135
215 143
231 107
76 223
178 126
183 122
60 74
8 232
155 189
154 31
156 5
38 139
109 203
40 223
177 234
154 15
71 13
119 205
157 67
217 33
176 203
31 52
82 138
56 142
84 207
108 127
31 39
192 163
134 38
226 60
77 31
175 90
239 116
91 198
93 117
168 54
158 63
172 240
221 178
55 167
207 135
99 189
154 178
31 53
66 169
81 29
108 122
228 73
169 52
169 13
224 109
86 202
169 178
171 48
111 42
13 120
104 27
207 49
11 160
1 26
56 23
79 238
192 182
68 180
96 191
143 55
6 135
134 61
54 63
169 238
106 100
182 135
96 29
70 236
158 99
32 119
58 221
44 220
234 158
39 158
174 83
129 228
37 42
215 158
168 172
40 180
144 47
58 181
158 134
124 57
158 35
203 73
168 161
191 184
28 62
119 228
189 11
38 201
155 187
120 94
59 175
22 29
13 189
132 137
115 79
201 175
62 48
170 183
32 201
188 31
161 219
55 38
201 18
77 105
154 16
208 49
63 179
40 86
143 190
172 189
220 137
30 79
147 4
164 142
196 30
202 64
210 148
42 91
72 18
91 204
91 94
112 166
69 32
223 23
94 177
123 193
190 18
122 240
54 228
46 29
70 168
137 159
5 184
219 147
59 163
34 184
203 184
176 111
122 63
50 81
171 113
228 40
182 108
54 184
184 79
123 198
161 29
101 169
59 180
154 236
71 240
184 188
214 94
32 172
34 204
198 217
189 108
154 201
167 228
16 217
87 53
184 209
182 217
152 145
29 110
34 94
85 42
28 124
216 32
226 1
174 116
238 166
9 233
217 35
169 58
239 148
30 182
195 123
225 126
152 2
168 170
66 93
205 213
34 32
161 66
69 215
92 7
235 159
190 134
25 219
216 136
141 227
23 16
117 214
176 187
102 108
159 156
17 129
232 89
102 178
57 32
159 139
204 65
35 183
183 59
79 56
31 231
99 107
159 192
35 79
15 199
151 134
93 188
230 214
136 222
53 90
235 52
198 220
111 235
121 59
21 59
208 66
63 85
58 186
134 72
219 130
99 183
124 232
235 175
210 143
42 6
119 154
139 13
63 213
219 134
160 135
21 133
87 103
174 20
231 87
102 122
90 213
57 166
66 224
215 67
102 166
114 14
205 90
124 181
166 94
32 204
231 198
199 174
134 166
87 60
164 69
144 13
132 163
38 69
91 38
40 123
108 18
141 158
156 121
126 223
37 77
230 193
167 23
129 103
93 173
189 5
78 87
73 180
69 94
184 196
230 85
55 226
69 170
194 120
72 115
161 34
214 205
94 231
208 43
38 196
80 169
77 122
113 224
155 209
16 6
13 34
119 64
144 26
59 164
176 164
192 234
79 201
4 165
14 84
149 176
29 148
183 206
184 155
202 237
92 16
220 64
44 95
123 200
143 13
196 223
50 198
175 94
131 173
5 19
19 7
217 49
180 119
135 125
204 137
61 144
106 142
91 69
236 221
215 99
54 79
211 213
122 59
189 197
181 1
154 107
215 178
168 178
194 144
66 228
121 172
74 72
69 15
59 208
183 115
169 112
217 204
223 220
220 74
139 168
37 172
213 159
87 216
50 32
183 201
124 119
177 196
81 37
123 37
161 182
197 161
91 103
45 63
210 19
97 187
83 193
188 99
48 180
206 175
34 160
162 62
94 37
181 21
206 37
239 13
37 18
37 238
139 176
42 128
219 55
45 156
19 224
45 112
52 139
128 131
200 224
10 146
12 65
47 222
12 77
64 126
10 77
139 83
36 49
176 52
123 59
26 75
166 75
235 189
153 29
60 134
158 154
232 93
61 172
116 206
211 56
102 226
172 97
137 225
93 172
128 75
204 194
144 172
125 24
233 172
204 138
135 117
125 110
156 219
169 164
234 123
51 169
12 227
10 172
56 80
14 11
128 125
150 101
209 45
21 166
80 93
189 80
34 181
137 97
137 139
231 119
97 222
10 156
67 164
84 16
50 137
32 137
30 108
18 20
126 192
194 124
238 228
83 80
54 175
222 46
26 232
14 148
39 30
78 59
103 111
100 139
230 187
213 49
72 151
188 194
115 154
1 162
176 51
7 60
182 153
154 189
187 105
170 30
46 147
168 77
42 59
27 87
121 35
191 154
55 7
166 54
231 37
28 198
192 81
135 219
161 93
204 231
32 183
76 225
236 24
230 222
227 216
173 137
67 187
18 158
52 190
139 31
168 137
134 172
16 81
57 175
171 35
194 92
218 42
16 42
31 74
103 121
204 16
31 72
237 118
162 119
197 48
161 16
112 16
236 108
124 208
93 198
108 53
1 16
57 202
77 79
63 57
33 212
214 13
67 74
104 162
70 112
217 112
147 119
197 55
147 143
86 13
172 21
175 194
198 1
140 66
137 99
25 16
39 5
138 65
167 35
51 5
46 228
204 183
77 5
69 56
231 5
189 52
8 111
178 121
65 223
92 35
64 83
132 101
157 149
239 188
136 178
74 128
6 219
191 226
148 24
209 81
111 6
192 37
34 148
174 141
61 53
179 206
156 50
172 147
224 189
75 226
234 215
91 113
145 208
187 180
194 199
124 32
78 79
102 36
84 193
171 133
183 178
204 178
2 163
170 14
178 192
238 109
139 90
173 208
223 174
39 24
158 214
155 92
194 223
26 63
204 216
11 79
52 172
81 99
213 173
99 77
165 152
133 25
63 55
38 167
99 108
239 139
232 236
176 140
171 131
151 179
227 210
211 240
240 90
114 214
81 28
209 115
71 3
206 69
141 224
170 138
107 45
225 238
70 53
74 119
217 151
212 100
223 183
183 69
119 189
32 232
189 123
74 228
86 36
91 14
212 139
169 139
142 240
142 54
218 26
194 6
7 68
160 115
159 38
77 63
4 95
42 63
217 189
172 214
234 176
204 108
5 96
192 63
63 40
130 214
46 74
42 28
193 78
77 125
214 20
35 63
216 183
16 47
61 84
129 224
49 105
36 94
61 231
161 228
34 16
192 79
34 209
12 38
108 88
127 111
125 167
148 204
207 16
55 127
159 16
172 192
108 176
72 156
115 168
81 25
210 225
109 72
57 115
91 234
23 213
61 5
79 92
3 46
64 209
208 144
93 63
161 115
25 3
195 149
116 118
178 150
38 34
220 30
117 78
224 92
139 172
89 216
168 50
181 26
38 204
54 188
7 32
30 217
165 64
130 119
82 58
171 184
21 222
26 5
164 102
101 102
64 15
146 236
225 213
193 53
12 109
163 221
206 52
216 167
81 115
70 34
33 18
94 121
206 98
166 37
126 1
83 39
125 144
117 111
225 190
200 5
59 98
155 217
82 181
209 57
231 161
81 121
213 46
118 43
4 216
113 70
63 11
95 13
234 127
182 110
209 138
34 129
160 9
74 123
211 127
204 111
51 234
147 134
34 133
22 189
23 28
220 31
93 9
37 183
226 169
181 184
176 20
184 198
176 79
218 144
38 10
144 123
144 16
234 129
161 159
18 234
170 46
219 111
68 109
210 57
22 54
27 75
215 55
124 192
77 131
183 203
117 114
191 27
40 57
140 238
63 96
43 231
130 199
229 103
20 216
172 86
101 201
197 192
69 111
202 239
177 126
150 134
93 168
188 189
1 164
76 7
88 3
189 187
163 126
187 198
52 55
167 174
175 72
159 93
148 168
181 160
202 71
94 168
168 176
35 168
53 107
150 144
63 116
56 195
113 237
159 79
63 86
103 35
219 42
182 32
195 139
198 137
136 13
88 111
59 182
176 60
137 81
204 139
237 170
77 101
213 189
198 225
206 154
209 140
39 189
93 52
39 50
70 132
234 204
16 158
89 111
67 92
153 186
130 231
234 36
140 32
39 170
229 66
229 134
146 83
194 56
170 65
119 116
78 41
97 175
184 10
65 42
40 124
116 82
114 103
121 105
99 65
19 164
10 97
21 209
57 139
2 184
115 136
18 214
129 225
26 18
74 225
210 218
65 52
189 220
29 39
51 99
136 171
121 99
50 116
93 22
226 193
161 3
79 124
38 79
82 211
109 21
223 162
148 51
66 81
74 187
192 177
8 123
47 121
134 51
44 154
69 239
222 178
81 54
161 50
81 108
123 188
185 181
80 238
211 16
81 130
228 51
239 184
139 93
38 147
210 18
34 130
93 123
178 158
88 14
168 237
162 109
123 62
27 154
192 123
99 124
71 230
31 136
112 123
74 233
176 123
3 128
210 222
223 237
217 210
35 123
115 187
214 34
16 189
26 131
93 42
130 87
29 235
232 234
93 40
226 69
24 1
147 62
107 40
55 131
238 203
111 195
216 228
126 24
16 83
223 225
182 215
99 204
9 71
192 57
171 39
100 233
52 171
13 57
220 61
150 208
188 57
112 51
141 140
43 199
168 222
82 139
11 31
28 177
187 136
236 123
37 16
215 169
136 129
167 110
151 41
140 213
49 71
26 102
18 99
194 139
77 231
74 175
240 123
195 4
89 3
136 20
226 121
208 37
68 208
200 229
130 143
117 218
189 199
56 153
31 185
7 227
224 162
77 35
77 170
8 227
200 87
147 59
9 127
186 178
9 220
40 99
114 134
144 32
184 154
144 40
144 161
110 217
51 128
29 126
97 212
114 132
149 186
35 219
43 152
79 231
193 88
202 161
15 81
215 231
176 157
73 72
155 28
170 231
111 223
184 229
1 240
10 61
98 100
191 64
29 151
24 174
211 201
17 200
54 220
238 8
106 178
112 54
133 105
51 126
86 138
28 109
60 26
140 59
15 49
204 42
183 25
142 65
101 16
161 20
169 137
10 119
51 196
42 94
54 161
206 91
54 38
201 87
204 223
238 171
31 60
161 77
164 5
69 189
219 107
122 34
87 218
191 199
159 56
211 183
170 204
173 228
12 236
162 92
98 25
207 169
207 58
124 54
222 33
18 88
47 76
71 150
192 183
201 155
211 150
183 13
130 183
214 119
94 183
110 234
216 107
28 215
183 134
61 167
184 68
82 143
117 235
183 238
82 159
132 222
135 159
63 153
134 89
175 102
156 35
2 165
192 64
234 1
114 163
226 79
209 90
85 159
207 205
194 57
229 181
213 212
202 119
31 232
101 98
102 79
57 220
194 60
166 152
238 217
203 139
121 204
223 184
118 97
221 217
10 79
88 80
236 113
1 43
122 177
103 32
63 17
173 77
154 116
185 168
144 176
5 172
205 191
120 200
192 150
190 138
38 170
108 129
134 108
122 79
113 202
199 19
50 204
162 179
63 164
119 187
110 39
129 65
204 130
13 230
210 10
151 173
71 47
192 90
81 176
111 136
50 102
14 146
139 12
37 147
27 109
213 210
197 70
4 159
7 236
41 13
8 76
75 147

7 8 1 7
4 2
4 3
4 5
4 6
1 2
1 3
7 5
7 6

9 13 1 9
1 2
1 3
1 4
2 5
2 6
3 4
3 6
4 7
5 8
6 8
6 9
7 9
8 9
